1750570235593 0.6597286223890468 0
1750571143395 0.6206609090543328 1
1750572053499 0.5806172377902645 2
1750572983593 0.5644487339590529 3
1750573896435 0.5439696713666998 4
1750574807521 0.5210948263191815 5
1750575712997 0.5025453729788347 6
1750576620283 0.4911036744854055 7
1750577537986 0.4828837783137238 8
1750578444817 0.4605459103996041 9
1750579389072 0.45897490045111045 10
1750580320883 0.44536549814320575 11
1750581249239 0.4362423677512652 12
1750582190147 0.43352565153149225 13
1750583120223 0.4246040899670702 14
1750584060696 0.4177700903733341 15
