1750221760887 1.2311309398266308 0
1750222828471 0.9981664564575667 1
1750223827851 0.9677238162597618 2
1750224649320 0.9537336807402353 3
1750225475278 0.943934586810986 4
1750226190065 0.9367116561708793 5
1750226897053 0.9312785954503288 6
1750227535099 0.9268737186365757 7
1750228179683 0.9240915281830375 8
1750228861203 0.9201067044223062 9
1750229620042 0.9187509581359506 10
1750230531176 0.9169499878098593 11
1750231479569 0.9152507941824451 12
1750232643910 0.913492763251589 13
1750233713424 0.9120648639741896 14
1750234591402 0.9112761544006112 15
1750235410939 0.9100414394037666 16
1750236143371 0.9090774154902103 17
1750237060449 0.9075721525707738 18
