1750316311690 0.0 0
1750317195451 1.0 1
1750317938985 2.0 2
1750318479563 3.0 3
1750319087163 4.0 4
1750319650241 5.0 5
1750320201056 6.0 6
1750320594757 7.0 7
1750320929185 8.0 8
1750321492610 9.0 9
1750322121925 10.0 10
1750322851814 11.0 11
1750323484430 12.0 12
1750324127055 13.0 13
1750324749787 14.0 14
1750325457963 15.0 15
1750326165956 16.0 16
1750326879849 17.0 17
1750327530655 18.0 18
1750328140774 19.0 19
1750328752566 20.0 20
1750329106439 21.0 21
1750329467254 22.0 22
1750329824908 23.0 23
