1750316311690 4.626933771143091 0
1750317195451 4.0833325598397 1
1750317938985 3.976112315656481 2
1750318479563 3.904415303775144 3
1750319087163 3.8528241096071194 4
1750319650241 3.824106146510661 5
1750320201056 3.787565472676735 6
1750320594757 3.7614243341303664 7
1750320929185 3.7442185662951184 8
1750321492610 3.7241646145496743 9
1750322121925 3.7155567688151256 10
1750322851814 3.6862897879830485 11
1750323484430 3.6871829421342412 12
1750324127055 3.668830844649882 13
1750324749787 3.6565502793093163 14
1750325457963 3.643132948167595 15
1750326165956 3.6348280354222897 16
1750326879849 3.6314772435671 17
1750327530655 3.6111155093190983 18
1750328140774 3.610998732382452 19
1750328752566 3.6058223658415995 20
1750329106439 3.592305873978578 21
1750329467254 3.5982646795392985 22
1750329824908 3.5917718886983816 23
