1750895105320 0.4288771409301288 0
1750896011954 0.41291210742682155 1
1750896992402 0.41085937678554973 2
1750897896823 0.4033908532483262 3
1750898799736 0.40206601093594013 4
1750899706972 0.38954685557199337 5
1750900622388 0.38850787927239466 6
1750901534972 0.3797170369414468 7
1750902437890 0.374410096143226 8
1750903351768 0.37531652296694357 9
1750904372468 0.37104710445595684 10
1750905325561 0.36288603899661914 11
1750906265081 0.36417877804663285 12
1750907202504 0.3561911669807275 13
1750908149864 0.3529389807704909 14
1750909087573 0.35065021088035275 15
