1750592337701 0.6569563766521962 0
1750593267417 0.6268332826107158 1
1750594156071 0.5956459080154355 2
1750595044545 0.5613138585915866 3
1750595933468 0.5439646412806611 4
1750596822555 0.523339230801902 5
1750597710596 0.5015895385443517 6
1750598598889 0.4886761542941072 7
1750599495337 0.47819280420456306 8
1750600446621 0.4686363518755994 9
1750601410937 0.45533084195002016 10
1750602338349 0.4423839449666705 11
1750603264163 0.4402603447048842 12
1750604188395 0.4294800372614885 13
1750605109512 0.4204898686468558 14
1750606023503 0.4124651119425882 15
1750606945338 0.4205462067650333 16
1750607861253 0.39574419593224053 17
1750608777612 0.39468076562941895 18
1750609691783 0.39173547138043885 19
1750610609844 0.389142941481216 20
1750611528703 0.38536027715872545 21
1750612457961 0.37855763518663527 22
