1750903840687 0.0 0
1750904830394 1.0 1
1750905789280 2.0 2
1750906748318 3.0 3
1750907708933 4.0 4
1750908669040 5.0 5
1750909629128 6.0 6
1750910587502 7.0 7
1750911548058 8.0 8
1750912508626 9.0 9
1750913520586 10.0 10
1750914522591 11.0 11
1750915548098 12.0 12
1750916557613 13.0 13
1750917564693 14.0 14
1750918568026 15.0 15
1750919561586 16.0 16
1750920555007 17.0 17
1750921544711 18.0 18
1750922539445 19.0 19
1750923538882 20.0 20
1750924539567 21.0 21
1750925534677 22.0 22
1750926527299 23.0 23
1750927521280 24.0 24
1750928513061 25.0 25
1750929502789 26.0 26
1750930491246 27.0 27
1750931479490 28.0 28
