1750903840687 0.43106283394216544 0
1750904830394 0.4170142409488138 1
1750905789280 0.4102405956005549 2
1750906748318 0.39635902504011133 3
1750907708933 0.3994592066414541 4
1750908669040 0.39549633343741136 5
1750909629128 0.38518858099441267 6
1750910587502 0.38486762022212484 7
1750911548058 0.38022447511780355 8
1750912508626 0.3804977017843922 9
1750913520586 0.3669712475941373 10
1750914522591 0.3633363879758495 11
1750915548098 0.3635640420575318 12
1750916557613 0.3498899316351799 13
1750917564693 0.3512594785964808 14
1750918568026 0.35110210781076695 15
1750919561586 0.34420233956287943 16
1750920555007 0.3424671161204986 17
1750921544711 0.3393424182569178 18
1750922539445 0.33805271806188636 19
1750923538882 0.33298801808232936 20
1750924539567 0.32542421186988896 21
1750925534677 0.32789361732624134 22
1750926527299 0.32403460611129997 23
1750927521280 0.31749488779119095 24
1750928513061 0.3176896081809804 25
1750929502789 0.310430351307563 26
1750930491246 0.3122989179581339 27
1750931479490 0.3101197367751193 28
