1751058090972 2.2712240923231626 0
1751060127406 1.6292236450472408 1
1751062160329 1.1564163153365319 2
1751064169247 0.897198483872547 3
1751066155058 0.7748983100610722 4
1751068168448 0.6975449903323565 5
1751070180560 0.6474471259525082 6
1751072187692 0.6094226691088578 7
1751074214607 0.5888560681936967 8
1751076236930 0.5607529554409431 9
1751078295204 0.5442001642306881 10
1751080350311 0.5258824898983625 11
1751082397941 0.5159305203368924 12
1751084493056 0.5044602003878926 13
1751086552772 0.49199005618676733 14
1751088604806 0.48153738622094266 15
1751090669863 0.4724243373296574 16
1751092728147 0.46967771445873263 17
1751094746725 0.45821231777199634 18
1751096773933 0.4529505167824534 19
