1750240023104 0.0 0
1750240532219 1.0 1
1750241052649 2.0 2
1750241508104 3.0 3
1750241977579 4.0 4
1750242441148 5.0 5
1750242920776 6.0 6
1750243380801 7.0 7
1750243865888 8.0 8
1750244316877 9.0 9
1750244919429 10.0 10
1750245620229 11.0 11
1750246142046 12.0 12
1750246713643 13.0 13
1750247178748 14.0 14
1750247684036 15.0 15
1750248153574 16.0 16
1750248593958 17.0 17
1750249052057 18.0 18
1750249482285 19.0 19
1750249895851 20.0 20
1750250295572 21.0 21
1750250692880 22.0 22
1750251089567 23.0 23
1750251527820 24.0 24
1750251965699 25.0 25
1750252431853 26.0 26
1750252878042 27.0 27
1750253301837 28.0 28
1750253719666 29.0 29
1750254140805 30.0 30
1750254566636 31.0 31
1750255005475 32.0 32
1750255477534 33.0 33
1750255941936 34.0 34
1750256430631 35.0 35
1750256875087 36.0 36
1750257366007 37.0 37
1750257871386 38.0 38
1750258356750 39.0 39
1750258880006 40.0 40
1750259448701 41.0 41
1750260075849 42.0 42
1750260600372 43.0 43
1750261097967 44.0 44
1750261584967 45.0 45
1750262091376 46.0 46
