1750240023104 1.229461121379881 0
1750240532219 0.9986996919588935 1
1750241052649 0.9676505146966742 2
1750241508104 0.9525356020843774 3
1750241977579 0.9432597999385525 4
1750242441148 0.9367424479702062 5
1750242920776 0.930912783271388 6
1750243380801 0.926481610900079 7
1750243865888 0.92434118863634 8
1750244316877 0.9209020456475024 9
1750244919429 0.9192852994353948 10
1750245620229 0.9175772597716068 11
1750246142046 0.9140758148410864 12
1750246713643 0.9137447095455083 13
1750247178748 0.9116521145068514 14
1750247684036 0.9126246942015818 15
1750248153574 0.909627834408106 16
1750248593958 0.9089230627643136 17
1750249052057 0.9084560661985163 18
1750249482285 0.907423058149709 19
1750249895851 0.9073474762234572 20
1750250295572 0.9053128749107259 21
1750250692880 0.9042686719444262 22
1750251089567 0.9051402387961608 23
1750251527820 0.9041252864731683 24
1750251965699 0.9044670580622546 25
1750252431853 0.9030137781112914 26
1750252878042 0.9026383536999287 27
1750253301837 0.9028196186449693 28
1750253719666 0.9032801397661417 29
1750254140805 0.9029743571329236 30
1750254566636 0.9023851441062284 31
1750255005475 0.901466741547947 32
1750255477534 0.9011779445454591 33
1750255941936 0.9002450671709868 34
1750256430631 0.9012895280257204 35
1750256875087 0.9008310506915489 36
1750257366007 0.8991289763223558 37
1750257871386 0.9000135250358454 38
1750258356750 0.8999125490909631 39
1750258880006 0.8999100083496139 40
1750259448701 0.899921202818951 41
1750260075849 0.9003954953019979 42
1750260600372 0.8996582060629065 43
1750261097967 0.8997492178739263 44
1750261584967 0.8991111070789092 45
1750262091376 0.898239026591493 46
