1750401066377 3.227274911115344 0
1750401559642 2.6786121824873605 1
1750402060929 2.2022766682827153 2
1750402584226 1.7246056121384898 3
1750403081338 1.350951166493059 4
1750403577432 1.0913886537938597 5
1750404078186 0.9238417931737285 6
1750404594518 0.810082239313975 7
1750405087377 0.7259958762349122 8
1750405585884 0.6660623292746879 9
1750406109827 0.618312878228028 10
1750406626427 0.5826218748852277 11
1750407148489 0.5615252241503061 12
1750407667462 0.5354764334517574 13
1750408187175 0.5201175585982594 14
1750408705489 0.5035995112045532 15
1750409219859 0.4834246779485167 16
1750409737824 0.46996175157341896 17
1750410259071 0.46456513498288665 18
1750410797407 0.44810424290818635 19
